Valor	RP
40	492202
60	490243
80	489549
100	488976
120	488498
140	487983
160	487216
180	484545
200	483678
220	482846
240	482185
260	481474
280	480792
300	479970
320	479176
340	478492
360	477932
380	477332
400	477032
420	476732
440	476400
460	476111
480	475778
500	475378
520	475047
540	474713
560	474380
580	474014
600	473507
620	472839
640	471589
660	466003
680	463760
700	462690
720	461853
740	461261
760	460858
780	460547
800	460272
820	460011
840	459785
860	459521
880	459258
900	459002
920	458751
940	458503
960	458259
980	457981
1000	454251
1020	453425
1040	453204
1060	452983
1080	452751
1100	452509
1120	452270
1140	452042
1160	449511
1180	332470
1200	297811
1220	297456
1240	297205
1260	297008
1280	296800
1300	296607
1320	296395
1340	296198
1360	296005
1380	295783
1400	295595
1420	295385
1440	295195
1460	295017
1480	294834
1500	294659
1520	294472
1540	294265
1560	294104
1580	293947
1600	293747
1620	293573
1640	293405
1660	293250
1680	293067
1700	292905
1720	292737
1740	292542
1760	292360
1780	292153
1800	292018
1820	291854
1840	291686
1860	291528
1880	291383
1900	291227
1920	291059
1940	290743
1960	290186
1980	272499
2000	166151
2020	148151
2040	147813
2060	147667
2080	147522
2100	147368
2120	147251
2140	147113
2160	146987
2180	146848
2200	146715
2220	146590
2240	146459
2260	146331
2280	146196
2300	146076
2320	145940
2340	145802
2360	145672
2380	145551
2400	145440
2420	145316
2440	145187
2460	145075
2480	144967
2500	144845
2520	144714
2540	144606
2560	144498
2580	144407
2600	144286
2620	144179
2640	144079
2660	143970
2680	143854
2700	143750
2720	143651
2740	143532
2760	143416
2780	143303
2800	143181
2820	143085
2840	143000
2860	142922
2880	142826
2900	142743
2920	142639
2940	142548
2960	142459
2980	142365
3000	142263
3020	142172
3040	142064
3060	141961
3080	141889
3100	141800
3120	141724
3140	141640
3160	141562
3180	141474
3200	141376
3220	141299
3240	141211
3260	141123
3280	141048
3300	140978
3320	140902
3340	140818
3360	140745
3380	140668
3400	140592
3420	140493
3440	140421
3460	140356
3480	140288
3500	140213
3520	140133
3540	140068
3560	139993
3580	139914
3600	139841
3620	139752
3640	139692
3660	139628
3680	139557
3700	139489
3720	139404
3740	139328
3760	139247
3780	139186
3800	139113
3820	139042
3840	138984
3860	138920
3880	138854
3900	138793
3920	138729
3940	138659
3960	138594
3980	138519
4000	138450
4020	138379
4040	138315
4060	138246
4080	138185
4100	138134
4120	138077
4140	138027
4160	137982
4180	137921
4200	137527
4220	134821
4240	134346
4260	134297
4280	134245
4300	134194
4320	134139
4340	134081
4360	134035
4380	133997
4400	133956
4420	133897
4440	133833
4460	133785
4480	133728
4500	133689
4520	133646
4540	133608
4560	133570
4580	133522
4600	133407
4620	133266
4640	133188
4660	133143
4680	133099
4700	133047
4720	132999
4740	132950
4760	132908
4780	132863
4800	132819
4820	132788
4840	132743
4860	132698
4880	132655
4900	132622
4920	132583
4940	132552
4960	132507
4980	132476
5000	132441
5020	132406
5040	132375
5060	132329
5080	132292
5100	132253
5120	132214
5140	132174
5160	132126
5180	132066
5200	131888
5220	131850
5240	131812
5260	131778
5280	131735
5300	131691
5320	131658
5340	131635
5360	131601
5380	131559
5400	131521
5420	131456
5440	131415
5460	131375
5480	131340
5500	131315
5520	131287
5540	131252
5560	131223
5580	131188
5600	131163
5620	131144
5640	131115
5660	131080
5680	131046
5700	131017
5720	130989
5740	130951
5760	130556
5780	128393
5800	127995
5820	127969
5840	127939
5860	127897
5880	127872
5900	127835
5920	127810
5940	127779
5960	127740
5980	127698
6000	127660
6020	127628
6040	127597
6060	127566
6080	127539
6100	127515
6120	127494
6140	127458
6160	127433
6180	127409
6200	127387
6220	127357
6240	127292
6260	127232
6280	127207
6300	127183
6320	127164
6340	127149
6360	127122
6380	127105
6400	127082
6420	127062
6440	127045
6460	127031
6480	127012
6500	126994
6520	126974
6540	126949
6560	126935
6580	126908
6600	126887
6620	126863
6640	126839
6660	126819
6680	126790
6700	126770
6720	126753
6740	126730
6760	126712
6780	126693
6800	126674
6820	126650
6840	126636
6860	126618
6880	126595
6900	126566
6920	126557
6940	126546
6960	126528
6980	126471
7000	126443
7020	126426
7040	126411
7060	126400
7080	126384
7100	126369
7120	126352
7140	126336
7160	126317
7180	126298
7200	126278
7220	126255
7240	126240
7260	126220
7280	126211
7300	126190
7320	126179
7340	126169
7360	126156
7380	126145
7400	126134
7420	126124
7440	126106
7460	126093
7480	126081
7500	126065
7520	126046
7540	126037
7560	126024
7580	126007
7600	125989
7620	125974
7640	125961
7660	125951
7680	125940
7700	125923
7720	125898
7740	125883
7760	125864
7780	125848
7800	125836
7820	125765
7840	125693
7860	125682
7880	125667
7900	125657
7920	125644
7940	125616
7960	125598
7980	125581
8000	125566
8020	125553
8040	125529
8060	125509
8080	125492
8100	125470
8120	125444
8140	125425
8160	125410
8180	125396
8200	125383
8220	125368
8240	125358
8260	125343
8280	125331
8300	125318
8320	125309
8340	125294
8360	125282
8380	125266
8400	125253
8420	125240
8440	125230
8460	125219
8480	125208
8500	125198
8520	125189
8540	125179
8560	125162
8580	125150
8600	125132
8620	125123
8640	125108
8660	125100
8680	125093
8700	125081
8720	125070
8740	125056
8760	125043
8780	125034
8800	125026
8820	125013
8840	125004
8860	124996
8880	124989
8900	124978
8920	124969
8940	124962
8960	124952
8980	124934
9000	124924
9020	124913
9040	124901
9060	124889
9080	124878
9100	124876
9120	124860
9140	124852
9160	124846
9180	124838
9200	124827
9220	124815
9240	124810
9260	124798
9280	124787
9300	124777
9320	124770
9340	124763
9360	124748
9380	124737
9400	124728
9420	124718
9440	124709
9460	124699
9480	124692
9500	124685
9520	124674
9540	124666
9560	124658
9580	124651
9600	124635
9620	124619
9640	124603
9660	124592
9680	124590
9700	124574
9720	124554
9740	124449
9760	124408
9780	124397
9800	124384
9820	124368
9840	124355
9860	124340
9880	124327
9900	124306
9920	124257
9940	124242
9960	124138
9980	118788
10000	90017
10020	84873
10040	84792
10060	84771
10080	84756
10100	84744
10120	84731
10140	84722
10160	84711
10180	84698
10200	84689
10220	84677
10240	84663
10260	84653
10280	84639
10300	84628
10320	84621
10340	84608
10360	84597
10380	84583
10400	84570
10420	84557
10440	84550
10460	84543
10480	84532
10500	84518
10520	84511
10540	84505
10560	84495
10580	84485
10600	84469
10620	84460
10640	84449
10660	84434
10680	84422
10700	84411
10720	84401
10740	84393
10760	84382
10780	84372
10800	84362
10820	84355
10840	84344
10860	84336
10880	84324
10900	84315
10920	84302
10940	84292
10960	84280
10980	84270
11000	84257
11020	84248
11040	84236
11060	84219
11080	84206
11100	84189
11120	84183
11140	84170
11160	84156
11180	84147
11200	84138
11220	84128
11240	84121
11260	84117
11280	84111
11300	84102
11320	84094
11340	84087
11360	84078
11380	84068
11400	84054
11420	84049
11440	84045
11460	84037
11480	84029
11500	84022
11520	84011
11540	84004
11560	84002
11580	83990
11600	83982
11620	83969
11640	83964
11660	83959
11680	83952
11700	83946
11720	83937
11740	83930
11760	83921
11780	83771
11800	74949
11820	65294
11840	62811
11860	61975
11880	61306
11900	61175
11920	61168
11940	61161
11960	61151
11980	61144
12000	61137
12020	61128
12040	61120
12060	61111
12080	61104
12100	61097
12120	61091
12140	61084
12160	61076
12180	61071
12200	61063
12220	61055
12240	61051
12260	61045
12280	61039
12300	61036
12320	61027
12340	61019
12360	61009
12380	61003
12400	60996
12420	60995
12440	60990
12460	60984
12480	60980
12500	60972
12520	60967
12540	60958
12560	60949
12580	60944
12600	60937
12620	60936
12640	60921
12660	60856
12680	60849
12700	60842
12720	60835
12740	60832
12760	60830
12780	60825
12800	60817
12820	60816
12840	60811
12860	60804
12880	60796
12900	60795
12920	60793
12940	60783
12960	60780
12980	60774
13000	60770
13020	60768
13040	60763
13060	60754
13080	60742
13100	60732
13120	60721
13140	60717
13160	60710
13180	60705
13200	60699
13220	60695
13240	60689
13260	60682
13280	60678
13300	60670
13320	60663
13340	60656
13360	60652
13380	60648
13400	60639
13420	60631
13440	60625
13460	60621
13480	60616
13500	60611
13520	60605
13540	60600
13560	60598
13580	60588
13600	60581
13620	60573
13640	60569
13660	60562
13680	60560
13700	60555
13720	60550
13740	60543
13760	60537
13780	60528
13800	60521
13820	60514
13840	60501
13860	60490
13880	60484
13900	60475
13920	60472
13940	60467
13960	60463
13980	60458
14000	60454
14020	60450
14040	60443
14060	60434
14080	60427
14100	60422
14120	60418
14140	60414
14160	60410
14180	60403
14200	60398
14220	60394
14240	60390
14260	60384
14280	60379
14300	60377
14320	60370
14340	60361
14360	60352
14380	60346
14400	60340
14420	60336
14440	60326
14460	60316
14480	60311
14500	60306
14520	60301
14540	60295
14560	60275
14580	60235
14600	60230
14620	60222
14640	60214
14660	60211
14680	60205
14700	60199
14720	60193
14740	60187
14760	60183
14780	60179
14800	60173
14820	60167
14840	60162
14860	60154
14880	60146
14900	60143
14920	60137
14940	60132
14960	60126
14980	60121
15000	60115
15020	60110
15040	60105
15060	60100
15080	60092
15100	60086
15120	60082
15140	60075
15160	60067
15180	60063
15200	60056
15220	60050
15240	60047
15260	60037
15280	60029
15300	60026
15320	60022
15340	60015
15360	60006
15380	59999
15400	59997
15420	59988
15440	59979
15460	59974
15480	59962
15500	59954
15520	59945
15540	59937
15560	59929
15580	59925
15600	59917
15620	59909
15640	59903
15660	59897
15680	59892
15700	59881
15720	59873
15740	59869
15760	59865
15780	59858
15800	59855
15820	59847
15840	59845
15860	59842
15880	59830
15900	59826
15920	59823
15940	59817
15960	59809
15980	59804
16000	59799
16020	59786
16040	59780
16060	59771
16080	59766
16100	59762
16120	59758
16140	59748
16160	59742
16180	59734
16200	59729
16220	59724
16240	59717
16260	59712
16280	59703
16300	59700
16320	59693
16340	59688
16360	59680
16380	59672
16400	59669
16420	59662
16440	59658
16460	59653
16480	59647
16500	59644
16520	59637
16540	59632
16560	59626
16580	59618
16600	59615
16620	59610
16640	59604
16660	59599
16680	59596
16700	59592
16720	59587
16740	59583
16760	59577
16780	59574
16800	59509
16820	59449
16840	59444
16860	59442
16880	59439
16900	59433
16920	59429
16940	59424
16960	59420
16980	59414
17000	59411
17020	59402
17040	59395
17060	59390
17080	59387
17100	59383
17120	59379
17140	59376
17160	59370
17180	59366
17200	59364
17220	59359
17240	59355
17260	59347
17280	59340
17300	59338
17320	59333
17340	59329
17360	59320
17400	59315
17420	59311
17440	59305
17460	59296
17480	59291
17500	59283
17540	59276
17560	59272
17580	59268
17600	59264
17620	59259
17640	59253
17660	59250
17680	59241
17700	59211
17720	59195
17740	59187
17760	59174
17780	59162
17800	59160
17820	59155
17840	59153
17860	59150
17880	59143
17900	59140
17920	59135
17940	59129
17960	59121
17980	59117
18000	59106
18020	59100
18040	59092
18060	59085
18080	59078
18100	59075
18120	59072
18140	59067
18160	59066
18180	59063
18200	59061
18220	59056
18240	59051
18260	59049
18280	59042
18300	59035
18320	59027
18340	59022
18360	59016
18380	59012
18400	59005
18420	59001
18440	58995
18460	58991
18480	58984
18500	58981
18520	58973
18540	58970
18560	58964
18580	58960
18600	58954
18620	58947
18640	58939
18660	58933
18680	58931
18700	58927
18720	58918
18760	58916
18780	58912
18800	58908
18820	58901
18840	58897
18860	58893
18880	58887
18900	58879
18920	58877
18940	58870
18960	58864
18980	58861
19000	58856
19020	58853
19040	58850
19060	58847
19080	58842
19100	58836
19120	58831
19140	58789
19160	58748
19180	58739
19200	58734
19220	58727
19240	58716
19260	58708
19280	58701
19300	58696
19320	58693
19340	58691
19360	58681
19380	58680
19400	58671
19420	58667
19440	58661
19460	58652
19480	58602
19500	58592
19520	58587
19540	58584
19560	58576
19580	58570
19600	58565
19620	58557
19640	58553
19660	58547
19680	58543
19700	58538
19720	58532
19740	58525
19760	58515
19780	58512
19800	58508
19820	58500
19840	58497
19860	58492
19880	58482
19900	58478
19920	58469
19940	58462
19960	58453
19980	58444
40000	0
