Valor	Conteo	Suma_acumulada
40	2211	2211
60	1959	4170
80	694	4864
100	573	5437
120	478	5915
140	515	6430
160	767	7197
180	2671	9868
200	867	10735
220	832	11567
240	661	12228
260	711	12939
280	682	13621
300	822	14443
320	794	15237
340	684	15921
360	560	16481
380	600	17081
400	300	17381
420	300	17681
440	332	18013
460	289	18302
480	333	18635
500	400	19035
520	331	19366
540	334	19700
560	333	20033
580	366	20399
600	507	20906
620	668	21574
640	1250	22824
660	5586	28410
680	2243	30653
700	1070	31723
720	837	32560
740	592	33152
760	403	33555
780	311	33866
800	275	34141
820	261	34402
840	226	34628
860	264	34892
880	263	35155
900	256	35411
920	251	35662
940	248	35910
960	244	36154
980	278	36432
1000	3730	40162
1020	826	40988
1040	221	41209
1060	221	41430
1080	232	41662
1100	242	41904
1120	239	42143
1140	228	42371
1160	2531	44902
1180	117041	161943
1200	34659	196602
1220	355	196957
1240	251	197208
1260	197	197405
1280	208	197613
1300	193	197806
1320	212	198018
1340	197	198215
1360	193	198408
1380	222	198630
1400	188	198818
1420	210	199028
1440	190	199218
1460	178	199396
1480	183	199579
1500	175	199754
1520	187	199941
1540	207	200148
1560	161	200309
1580	157	200466
1600	200	200666
1620	174	200840
1640	168	201008
1660	155	201163
1680	183	201346
1700	162	201508
1720	168	201676
1740	195	201871
1760	182	202053
1780	207	202260
1800	135	202395
1820	164	202559
1840	168	202727
1860	158	202885
1880	145	203030
1900	156	203186
1920	168	203354
1940	316	203670
1960	557	204227
1980	17687	221914
2000	106348	328262
2020	18000	346262
2040	338	346600
2060	146	346746
2080	145	346891
2100	154	347045
2120	117	347162
2140	138	347300
2160	126	347426
2180	139	347565
2200	133	347698
2220	125	347823
2240	131	347954
2260	128	348082
2280	135	348217
2300	120	348337
2320	136	348473
2340	138	348611
2360	130	348741
2380	121	348862
2400	111	348973
2420	124	349097
2440	129	349226
2460	112	349338
2480	108	349446
2500	122	349568
2520	131	349699
2540	108	349807
2560	108	349915
2580	91	350006
2600	121	350127
2620	107	350234
2640	100	350334
2660	109	350443
2680	116	350559
2700	104	350663
2720	99	350762
2740	119	350881
2760	116	350997
2780	113	351110
2800	122	351232
2820	96	351328
2840	85	351413
2860	78	351491
2880	96	351587
2900	83	351670
2920	104	351774
2940	91	351865
2960	89	351954
2980	94	352048
3000	102	352150
3020	91	352241
3040	108	352349
3060	103	352452
3080	72	352524
3100	89	352613
3120	76	352689
3140	84	352773
3160	78	352851
3180	88	352939
3200	98	353037
3220	77	353114
3240	88	353202
3260	88	353290
3280	75	353365
3300	70	353435
3320	76	353511
3340	84	353595
3360	73	353668
3380	77	353745
3400	76	353821
3420	99	353920
3440	72	353992
3460	65	354057
3480	68	354125
3500	75	354200
3520	80	354280
3540	65	354345
3560	75	354420
3580	79	354499
3600	73	354572
3620	89	354661
3640	60	354721
3660	64	354785
3680	71	354856
3700	68	354924
3720	85	355009
3740	76	355085
3760	81	355166
3780	61	355227
3800	73	355300
3820	71	355371
3840	58	355429
3860	64	355493
3880	66	355559
3900	61	355620
3920	64	355684
3940	70	355754
3960	65	355819
3980	75	355894
4000	69	355963
4020	71	356034
4040	64	356098
4060	69	356167
4080	61	356228
4100	51	356279
4120	57	356336
4140	50	356386
4160	45	356431
4180	61	356492
4200	394	356886
4220	2706	359592
4240	475	360067
4260	49	360116
4280	52	360168
4300	51	360219
4320	55	360274
4340	58	360332
4360	46	360378
4380	38	360416
4400	41	360457
4420	59	360516
4440	64	360580
4460	48	360628
4480	57	360685
4500	39	360724
4520	43	360767
4540	38	360805
4560	38	360843
4580	48	360891
4600	115	361006
4620	141	361147
4640	78	361225
4660	45	361270
4680	44	361314
4700	52	361366
4720	48	361414
4740	49	361463
4760	42	361505
4780	45	361550
4800	44	361594
4820	31	361625
4840	45	361670
4860	45	361715
4880	43	361758
4900	33	361791
4920	39	361830
4940	31	361861
4960	45	361906
4980	31	361937
5000	35	361972
5020	35	362007
5040	31	362038
5060	46	362084
5080	37	362121
5100	39	362160
5120	39	362199
5140	40	362239
5160	48	362287
5180	60	362347
5200	178	362525
5220	38	362563
5240	38	362601
5260	34	362635
5280	43	362678
5300	44	362722
5320	33	362755
5340	23	362778
5360	34	362812
5380	42	362854
5400	38	362892
5420	65	362957
5440	41	362998
5460	40	363038
5480	35	363073
5500	25	363098
5520	28	363126
5540	35	363161
5560	29	363190
5580	35	363225
5600	25	363250
5620	19	363269
5640	29	363298
5660	35	363333
5680	34	363367
5700	29	363396
5720	28	363424
5740	38	363462
5760	395	363857
5780	2163	366020
5800	398	366418
5820	26	366444
5840	30	366474
5860	42	366516
5880	25	366541
5900	37	366578
5920	25	366603
5940	31	366634
5960	39	366673
5980	42	366715
6000	38	366753
6020	32	366785
6040	31	366816
6060	31	366847
6080	27	366874
6100	24	366898
6120	21	366919
6140	36	366955
6160	25	366980
6180	24	367004
6200	22	367026
6220	30	367056
6240	65	367121
6260	60	367181
6280	25	367206
6300	24	367230
6320	19	367249
6340	15	367264
6360	27	367291
6380	17	367308
6400	23	367331
6420	20	367351
6440	17	367368
6460	14	367382
6480	19	367401
6500	18	367419
6520	20	367439
6540	25	367464
6560	14	367478
6580	27	367505
6600	21	367526
6620	24	367550
6640	24	367574
6660	20	367594
6680	29	367623
6700	20	367643
6720	17	367660
6740	23	367683
6760	18	367701
6780	19	367720
6800	19	367739
6820	24	367763
6840	14	367777
6860	18	367795
6880	23	367818
6900	29	367847
6920	9	367856
6940	11	367867
6960	18	367885
6980	57	367942
7000	28	367970
7020	17	367987
7040	15	368002
7060	11	368013
7080	16	368029
7100	15	368044
7120	17	368061
7140	16	368077
7160	19	368096
7180	19	368115
7200	20	368135
7220	23	368158
7240	15	368173
7260	20	368193
7280	9	368202
7300	21	368223
7320	11	368234
7340	10	368244
7360	13	368257
7380	11	368268
7400	11	368279
7420	10	368289
7440	18	368307
7460	13	368320
7480	12	368332
7500	16	368348
7520	19	368367
7540	9	368376
7560	13	368389
7580	17	368406
7600	18	368424
7620	15	368439
7640	13	368452
7660	10	368462
7680	11	368473
7700	17	368490
7720	25	368515
7740	15	368530
7760	19	368549
7780	16	368565
7800	12	368577
7820	71	368648
7840	72	368720
7860	11	368731
7880	15	368746
7900	10	368756
7920	13	368769
7940	28	368797
7960	18	368815
7980	17	368832
8000	15	368847
8020	13	368860
8040	24	368884
8060	20	368904
8080	17	368921
8100	22	368943
8120	26	368969
8140	19	368988
8160	15	369003
8180	14	369017
8200	13	369030
8220	15	369045
8240	10	369055
8260	15	369070
8280	12	369082
8300	13	369095
8320	9	369104
8340	15	369119
8360	12	369131
8380	16	369147
8400	13	369160
8420	13	369173
8440	10	369183
8460	11	369194
8480	11	369205
8500	10	369215
8520	9	369224
8540	10	369234
8560	17	369251
8580	12	369263
8600	18	369281
8620	9	369290
8640	15	369305
8660	8	369313
8680	7	369320
8700	12	369332
8720	11	369343
8740	14	369357
8760	13	369370
8780	9	369379
8800	8	369387
8820	13	369400
8840	9	369409
8860	8	369417
8880	7	369424
8900	11	369435
8920	9	369444
8940	7	369451
8960	10	369461
8980	18	369479
9000	10	369489
9020	11	369500
9040	12	369512
9060	12	369524
9080	11	369535
9100	2	369537
9120	16	369553
9140	8	369561
9160	6	369567
9180	8	369575
9200	11	369586
9220	12	369598
9240	5	369603
9260	12	369615
9280	11	369626
9300	10	369636
9320	7	369643
9340	7	369650
9360	15	369665
9380	11	369676
9400	9	369685
9420	10	369695
9440	9	369704
9460	10	369714
9480	7	369721
9500	7	369728
9520	11	369739
9540	8	369747
9560	8	369755
9580	7	369762
9600	16	369778
9620	16	369794
9640	16	369810
9660	11	369821
9680	2	369823
9700	16	369839
9720	20	369859
9740	105	369964
9760	41	370005
9780	11	370016
9800	13	370029
9820	16	370045
9840	13	370058
9860	15	370073
9880	13	370086
9900	21	370107
9920	49	370156
9940	15	370171
9960	104	370275
9980	5350	375625
10000	28771	404396
10020	5144	409540
10040	81	409621
10060	21	409642
10080	15	409657
10100	12	409669
10120	13	409682
10140	9	409691
10160	11	409702
10180	13	409715
10200	9	409724
10220	12	409736
10240	14	409750
10260	10	409760
10280	14	409774
10300	11	409785
10320	7	409792
10340	13	409805
10360	11	409816
10380	14	409830
10400	13	409843
10420	13	409856
10440	7	409863
10460	7	409870
10480	11	409881
10500	14	409895
10520	7	409902
10540	6	409908
10560	10	409918
10580	10	409928
10600	16	409944
10620	9	409953
10640	11	409964
10660	15	409979
10680	12	409991
10700	11	410002
10720	10	410012
10740	8	410020
10760	11	410031
10780	10	410041
10800	10	410051
10820	7	410058
10840	11	410069
10860	8	410077
10880	12	410089
10900	9	410098
10920	13	410111
10940	10	410121
10960	12	410133
10980	10	410143
11000	13	410156
11020	9	410165
11040	12	410177
11060	17	410194
11080	13	410207
11100	17	410224
11120	6	410230
11140	13	410243
11160	14	410257
11180	9	410266
11200	9	410275
11220	10	410285
11240	7	410292
11260	4	410296
11280	6	410302
11300	9	410311
11320	8	410319
11340	7	410326
11360	9	410335
11380	10	410345
11400	14	410359
11420	5	410364
11440	4	410368
11460	8	410376
11480	8	410384
11500	7	410391
11520	11	410402
11540	7	410409
11560	2	410411
11580	12	410423
11600	8	410431
11620	13	410444
11640	5	410449
11660	5	410454
11680	7	410461
11700	6	410467
11720	9	410476
11740	7	410483
11760	9	410492
11780	150	410642
11800	8822	419464
11820	9655	429119
11840	2483	431602
11860	836	432438
11880	669	433107
11900	131	433238
11920	7	433245
11940	7	433252
11960	10	433262
11980	7	433269
12000	7	433276
12020	9	433285
12040	8	433293
12060	9	433302
12080	7	433309
12100	7	433316
12120	6	433322
12140	7	433329
12160	8	433337
12180	5	433342
12200	8	433350
12220	8	433358
12240	4	433362
12260	6	433368
12280	6	433374
12300	3	433377
12320	9	433386
12340	8	433394
12360	10	433404
12380	6	433410
12400	7	433417
12420	1	433418
12440	5	433423
12460	6	433429
12480	4	433433
12500	8	433441
12520	5	433446
12540	9	433455
12560	9	433464
12580	5	433469
12600	7	433476
12620	1	433477
12640	15	433492
12660	65	433557
12680	7	433564
12700	7	433571
12720	7	433578
12740	3	433581
12760	2	433583
12780	5	433588
12800	8	433596
12820	1	433597
12840	5	433602
12860	7	433609
12880	8	433617
12900	1	433618
12920	2	433620
12940	10	433630
12960	3	433633
12980	6	433639
13000	4	433643
13020	2	433645
13040	5	433650
13060	9	433659
13080	12	433671
13100	10	433681
13120	11	433692
13140	4	433696
13160	7	433703
13180	5	433708
13200	6	433714
13220	4	433718
13240	6	433724
13260	7	433731
13280	4	433735
13300	8	433743
13320	7	433750
13340	7	433757
13360	4	433761
13380	4	433765
13400	9	433774
13420	8	433782
13440	6	433788
13460	4	433792
13480	5	433797
13500	5	433802
13520	6	433808
13540	5	433813
13560	2	433815
13580	10	433825
13600	7	433832
13620	8	433840
13640	4	433844
13660	7	433851
13680	2	433853
13700	5	433858
13720	5	433863
13740	7	433870
13760	6	433876
13780	9	433885
13800	7	433892
13820	7	433899
13840	13	433912
13860	11	433923
13880	6	433929
13900	9	433938
13920	3	433941
13940	5	433946
13960	4	433950
13980	5	433955
14000	4	433959
14020	4	433963
14040	7	433970
14060	9	433979
14080	7	433986
14100	5	433991
14120	4	433995
14140	4	433999
14160	4	434003
14180	7	434010
14200	5	434015
14220	4	434019
14240	4	434023
14260	6	434029
14280	5	434034
14300	2	434036
14320	7	434043
14340	9	434052
14360	9	434061
14380	6	434067
14400	6	434073
14420	4	434077
14440	10	434087
14460	10	434097
14480	5	434102
14500	5	434107
14520	5	434112
14540	6	434118
14560	20	434138
14580	40	434178
14600	5	434183
14620	8	434191
14640	8	434199
14660	3	434202
14680	6	434208
14700	6	434214
14720	6	434220
14740	6	434226
14760	4	434230
14780	4	434234
14800	6	434240
14820	6	434246
14840	5	434251
14860	8	434259
14880	8	434267
14900	3	434270
14920	6	434276
14940	5	434281
14960	6	434287
14980	5	434292
15000	6	434298
15020	5	434303
15040	5	434308
15060	5	434313
15080	8	434321
15100	6	434327
15120	4	434331
15140	7	434338
15160	8	434346
15180	4	434350
15200	7	434357
15220	6	434363
15240	3	434366
15260	10	434376
15280	8	434384
15300	3	434387
15320	4	434391
15340	7	434398
15360	9	434407
15380	7	434414
15400	2	434416
15420	9	434425
15440	9	434434
15460	5	434439
15480	12	434451
15500	8	434459
15520	9	434468
15540	8	434476
15560	8	434484
15580	4	434488
15600	8	434496
15620	8	434504
15640	6	434510
15660	6	434516
15680	5	434521
15700	11	434532
15720	8	434540
15740	4	434544
15760	4	434548
15780	7	434555
15800	3	434558
15820	8	434566
15840	2	434568
15860	3	434571
15880	12	434583
15900	4	434587
15920	3	434590
15940	6	434596
15960	8	434604
15980	5	434609
16000	5	434614
16020	13	434627
16040	6	434633
16060	9	434642
16080	5	434647
16100	4	434651
16120	4	434655
16140	10	434665
16160	6	434671
16180	8	434679
16200	5	434684
16220	5	434689
16240	7	434696
16260	5	434701
16280	9	434710
16300	3	434713
16320	7	434720
16340	5	434725
16360	8	434733
16380	8	434741
16400	3	434744
16420	7	434751
16440	4	434755
16460	5	434760
16480	6	434766
16500	3	434769
16520	7	434776
16540	5	434781
16560	6	434787
16580	8	434795
16600	3	434798
16620	5	434803
16640	6	434809
16660	5	434814
16680	3	434817
16700	4	434821
16720	5	434826
16740	4	434830
16760	6	434836
16780	3	434839
16800	65	434904
16820	60	434964
16840	5	434969
16860	2	434971
16880	3	434974
16900	6	434980
16920	4	434984
16940	5	434989
16960	4	434993
16980	6	434999
17000	3	435002
17020	9	435011
17040	7	435018
17060	5	435023
17080	3	435026
17100	4	435030
17120	4	435034
17140	3	435037
17160	6	435043
17180	4	435047
17200	2	435049
17220	5	435054
17240	4	435058
17260	8	435066
17280	7	435073
17300	2	435075
17320	5	435080
17340	4	435084
17360	9	435093
17400	5	435098
17420	4	435102
17440	6	435108
17460	9	435117
17480	5	435122
17500	8	435130
17540	7	435137
17560	4	435141
17580	4	435145
17600	4	435149
17620	5	435154
17640	6	435160
17660	3	435163
17680	9	435172
17700	30	435202
17720	16	435218
17740	8	435226
17760	13	435239
17780	12	435251
17800	2	435253
17820	5	435258
17840	2	435260
17860	3	435263
17880	7	435270
17900	3	435273
17920	5	435278
17940	6	435284
17960	8	435292
17980	4	435296
18000	11	435307
18020	6	435313
18040	8	435321
18060	7	435328
18080	7	435335
18100	3	435338
18120	3	435341
18140	5	435346
18160	1	435347
18180	3	435350
18200	2	435352
18220	5	435357
18240	5	435362
18260	2	435364
18280	7	435371
18300	7	435378
18320	8	435386
18340	5	435391
18360	6	435397
18380	4	435401
18400	7	435408
18420	4	435412
18440	6	435418
18460	4	435422
18480	7	435429
18500	3	435432
18520	8	435440
18540	3	435443
18560	6	435449
18580	4	435453
18600	6	435459
18620	7	435466
18640	8	435474
18660	6	435480
18680	2	435482
18700	4	435486
18720	9	435495
18760	2	435497
18780	4	435501
18800	4	435505
18820	7	435512
18840	4	435516
18860	4	435520
18880	6	435526
18900	8	435534
18920	2	435536
18940	7	435543
18960	6	435549
18980	3	435552
19000	5	435557
19020	3	435560
19040	3	435563
19060	3	435566
19080	5	435571
19100	6	435577
19120	5	435582
19140	42	435624
19160	41	435665
19180	9	435674
19200	5	435679
19220	7	435686
19240	11	435697
19260	8	435705
19280	7	435712
19300	5	435717
19320	3	435720
19340	2	435722
19360	10	435732
19380	1	435733
19400	9	435742
19420	4	435746
19440	6	435752
19460	9	435761
19480	50	435811
19500	10	435821
19520	5	435826
19540	3	435829
19560	8	435837
19580	6	435843
19600	5	435848
19620	8	435856
19640	4	435860
19660	6	435866
19680	4	435870
19700	5	435875
19720	6	435881
19740	7	435888
19760	10	435898
19780	3	435901
19800	4	435905
19820	8	435913
19840	3	435916
19860	5	435921
19880	10	435931
19900	4	435935
19920	9	435944
19940	7	435951
19960	9	435960
19980	9	435969
40000	58444	494413
