2*theta/Grads,R(35kV)/Imp/s,Corriente/mA
32.0,30.0,0.1
32.2,32.0,0.1
32.4,33.0,0.1
32.5,31.0,0.1
32.8,30.0,0.1
33.0,28.0,0.1
33.2,33.0,0.1
33.4,32.0,0.1
33.6,35.0,0.1
33.8,25.0,0.1
34.0,30.0,0.1
34.2,28.0,0.1
34.4,29.0,0.1
34.5,28.0,0.1
34.8,30.0,0.1
35.0,29.0,0.1
35.2,43.0,0.1
35.4,52.0,0.1
35.5,59.0,0.1
35.8,183.0,0.1
36.0,161.0,0.1
36.2,109.0,0.1
36.4,50.0,0.1
36.5,46.0,0.1
36.8,40.0,0.1
37.0,42.0,0.1
37.2,40.0,0.1
37.4,35.0,0.1
37.5,29.0,0.1
37.8,30.0,0.1
38.0,33.0,0.1
38.2,36.0,0.1
38.4,40.0,0.1
38.6,39.0,0.1
38.8,36.0,0.1
39.0,28.0,0.1
39.2,38.0,0.1
39.4,43.0,0.1
39.5,46.0,0.1
39.8,142.0,0.1
40.0,141.0,0.1
40.2,447.0,0.1
40.4,748.0,0.1
40.5,652.0,0.1
40.8,327.0,0.1
41.0,67.0,0.1
41.2,36.0,0.1
41.4,45.0,0.1
41.5,38.0,0.1
41.8,33.0,0.1
42.0,33.0,0.1
42.2,38.0,0.1
42.4,30.0,0.1
42.6,33.0,0.1
42.8,29.0,0.1
43.0,29.0,0.1
43.2,30.0,0.1
43.4,34.0,0.1
43.6,28.0,0.1
43.8,30.0,0.1
44.0,28.0,0.1
44.2,29.0,0.1
44.4,27.0,0.1
44.5,30.0,0.1
44.8,25.0,0.1
45.0,28.0,0.1
45.2,26.0,0.1
45.4,18.0,0.1
45.5,21.0,0.1
45.8,30.0,0.1
46.0,25.0,0.1
46.2,28.0,0.1
46.4,23.0,0.1
46.5,28.0,0.1
46.8,26.0,0.1
47.0,19.0,0.1
47.2,21.0,0.1
47.4,23.0,0.1
47.6,23.0,0.1
47.8,23.0,0.1
48.0,23.0,0.1
32.0,71.0,0.2
32.2,62.0,0.2
32.4,58.0,0.2
32.5,67.0,0.2
32.8,69.0,0.2
33.0,69.0,0.2
33.2,75.0,0.2
33.4,75.0,0.2
33.6,67.0,0.2
33.8,71.0,0.2
34.0,65.0,0.2
34.2,68.0,0.2
34.4,60.0,0.2
34.5,76.0,0.2
34.8,68.0,0.2
35.0,72.0,0.2
35.2,119.0,0.2
35.4,115.0,0.2
35.5,129.0,0.2
35.8,350.0,0.2
36.0,327.0,0.2
36.2,259.0,0.2
36.4,106.0,0.2
36.5,77.0,0.2
36.8,88.0,0.2
37.0,80.0,0.2
37.2,81.0,0.2
37.4,71.0,0.2
37.5,78.0,0.2
37.8,76.0,0.2
38.0,70.0,0.2
38.2,88.0,0.2
38.4,68.0,0.2
38.6,68.0,0.2
38.8,72.0,0.2
39.0,67.0,0.2
39.2,74.0,0.2
39.4,84.0,0.2
39.5,100.0,0.2
39.8,319.0,0.2
40.0,318.0,0.2
40.2,856.0,0.2
40.4,1514.0,0.2
40.5,1301.0,0.2
40.8,678.0,0.2
41.0,158.0,0.2
41.2,110.0,0.2
41.4,85.0,0.2
41.5,69.0,0.2
41.8,70.0,0.2
42.0,64.0,0.2
42.2,80.0,0.2
42.4,67.0,0.2
42.6,69.0,0.2
42.8,64.0,0.2
43.0,52.0,0.2
43.2,62.0,0.2
43.4,62.0,0.2
43.6,59.0,0.2
43.8,47.0,0.2
44.0,57.0,0.2
44.2,67.0,0.2
44.4,54.0,0.2
44.5,65.0,0.2
44.8,66.0,0.2
45.0,56.0,0.2
45.2,66.0,0.2
45.4,53.0,0.2
45.5,46.0,0.2
45.8,54.0,0.2
46.0,50.0,0.2
46.2,64.0,0.2
46.4,56.0,0.2
46.5,56.0,0.2
46.8,49.0,0.2
47.0,49.0,0.2
47.2,48.0,0.2
47.4,46.0,0.2
47.6,50.0,0.2
47.8,53.0,0.2
48.0,50.0,0.2
32.0,104.0,0.3
32.2,93.0,0.3
32.4,102.0,0.3
32.5,103.0,0.3
32.8,94.0,0.3
33.0,103.0,0.3
33.2,102.0,0.3
33.4,105.0,0.3
33.6,110.0,0.3
33.8,109.0,0.3
34.0,126.0,0.3
34.2,106.0,0.3
34.4,95.0,0.3
34.5,113.0,0.3
34.8,94.0,0.3
35.0,115.0,0.3
35.2,154.0,0.3
35.4,193.0,0.3
35.5,193.0,0.3
35.8,563.0,0.3
36.0,524.0,0.3
36.2,383.0,0.3
36.4,151.0,0.3
36.5,133.0,0.3
36.8,121.0,0.3
37.0,109.0,0.3
37.2,120.0,0.3
37.4,119.0,0.3
37.5,125.0,0.3
37.8,115.0,0.3
38.0,121.0,0.3
38.2,107.0,0.3
38.4,104.0,0.3
38.6,109.0,0.3
38.8,97.0,0.3
39.0,114.0,0.3
39.2,120.0,0.3
39.4,127.0,0.3
39.5,156.0,0.3
39.8,485.0,0.3
40.0,489.0,0.3
40.2,1281.0,0.3
40.4,2212.0,0.3
40.5,1851.0,0.3
40.8,1024.0,0.3
41.0,230.0,0.3
41.2,158.0,0.3
41.4,139.0,0.3
41.5,131.0,0.3
41.8,115.0,0.3
42.0,101.0,0.3
42.2,103.0,0.3
42.4,114.0,0.3
42.6,99.0,0.3
42.8,94.0,0.3
43.0,96.0,0.3
43.2,93.0,0.3
43.4,80.0,0.3
43.6,94.0,0.3
43.8,75.0,0.3
44.0,79.0,0.3
44.2,83.0,0.3
44.4,75.0,0.3
44.5,86.0,0.3
44.8,85.0,0.3
45.0,88.0,0.3
45.2,93.0,0.3
45.4,82.0,0.3
45.5,82.0,0.3
45.8,76.0,0.3
46.0,91.0,0.3
46.2,92.0,0.3
46.4,79.0,0.3
46.5,76.0,0.3
46.8,74.0,0.3
47.0,77.0,0.3
47.2,82.0,0.3
47.4,88.0,0.3
47.6,84.0,0.3
47.8,75.0,0.3
48.0,76.0,0.3
32.0,128.0,0.4
32.2,114.0,0.4
32.4,122.0,0.4
32.5,137.0,0.4
32.8,142.0,0.4
33.0,148.0,0.4
33.2,134.0,0.4
33.4,131.0,0.4
33.6,145.0,0.4
33.8,153.0,0.4
34.0,126.0,0.4
34.2,151.0,0.4
34.4,134.0,0.4
34.5,149.0,0.4
34.8,138.0,0.4
35.0,152.0,0.4
35.2,248.0,0.4
35.4,232.0,0.4
35.5,257.0,0.4
35.8,764.0,0.4
36.0,653.0,0.4
36.2,492.0,0.4
36.4,206.0,0.4
36.5,185.0,0.4
36.8,177.0,0.4
37.0,162.0,0.4
37.2,154.0,0.4
37.4,160.0,0.4
37.5,173.0,0.4
37.8,166.0,0.4
38.0,147.0,0.4
38.2,164.0,0.4
38.4,157.0,0.4
38.6,160.0,0.4
38.8,148.0,0.4
39.0,134.0,0.4
39.2,164.0,0.4
39.4,178.0,0.4
39.5,199.0,0.4
39.8,658.0,0.4
40.0,631.0,0.4
40.2,1629.0,0.4
40.4,2802.0,0.4
40.5,2452.0,0.4
40.8,1224.0,0.4
41.0,305.0,0.4
41.2,221.0,0.4
41.4,201.0,0.4
41.5,176.0,0.4
41.8,151.0,0.4
42.0,144.0,0.4
42.2,142.0,0.4
42.4,137.0,0.4
42.6,136.0,0.4
42.8,126.0,0.4
43.0,123.0,0.4
43.2,110.0,0.4
43.4,130.0,0.4
43.6,132.0,0.4
43.8,122.0,0.4
44.0,119.0,0.4
44.2,130.0,0.4
44.4,118.0,0.4
44.5,131.0,0.4
44.8,122.0,0.4
45.0,112.0,0.4
45.2,121.0,0.4
45.4,101.0,0.4
45.5,116.0,0.4
45.8,108.0,0.4
46.0,101.0,0.4
46.2,108.0,0.4
46.4,123.0,0.4
46.5,112.0,0.4
46.8,113.0,0.4
47.0,104.0,0.4
47.2,101.0,0.4
47.4,125.0,0.4
47.6,108.0,0.4
47.8,94.0,0.4
48.0,113.0,0.4
32.0,166.0,0.5
32.2,142.0,0.5
32.4,142.0,0.5
32.5,161.0,0.5
32.8,161.0,0.5
33.0,175.0,0.5
33.2,188.0,0.5
33.4,173.0,0.5
33.6,166.0,0.5
33.8,156.0,0.5
34.0,178.0,0.5
34.2,181.0,0.5
34.4,168.0,0.5
34.5,165.0,0.5
34.8,168.0,0.5
35.0,186.0,0.5
35.2,272.0,0.5
35.4,281.0,0.5
35.5,322.0,0.5
35.8,918.0,0.5
36.0,753.0,0.5
36.2,568.0,0.5
36.4,241.0,0.5
36.5,235.0,0.5
36.8,210.0,0.5
37.0,195.0,0.5
37.2,191.0,0.5
37.4,204.0,0.5
37.5,194.0,0.5
37.8,196.0,0.5
38.0,179.0,0.5
38.2,192.0,0.5
38.4,190.0,0.5
38.6,179.0,0.5
38.8,193.0,0.5
39.0,175.0,0.5
39.2,189.0,0.5
39.4,215.0,0.5
39.5,268.0,0.5
39.8,780.0,0.5
40.0,785.0,0.5
40.2,2120.0,0.5
40.4,3413.0,0.5
40.5,2917.0,0.5
40.8,1450.0,0.5
41.0,381.0,0.5
41.2,252.0,0.5
41.4,229.0,0.5
41.5,226.0,0.5
41.8,192.0,0.5
42.0,192.0,0.5
42.2,193.0,0.5
42.4,171.0,0.5
42.6,168.0,0.5
42.8,166.0,0.5
43.0,166.0,0.5
43.2,154.0,0.5
43.4,162.0,0.5
43.6,154.0,0.5
43.8,161.0,0.5
44.0,167.0,0.5
44.2,163.0,0.5
44.4,166.0,0.5
44.5,162.0,0.5
44.8,141.0,0.5
45.0,143.0,0.5
45.2,153.0,0.5
45.4,146.0,0.5
45.5,145.0,0.5
45.8,133.0,0.5
46.0,132.0,0.5
46.2,133.0,0.5
46.4,140.0,0.5
46.5,126.0,0.5
46.8,138.0,0.5
47.0,149.0,0.5
47.2,137.0,0.5
47.4,148.0,0.5
47.6,142.0,0.5
47.8,132.0,0.5
48.0,124.0,0.5
32.0,191.0,0.6
32.2,208.0,0.6
32.4,203.0,0.6
32.5,179.0,0.6
32.8,207.0,0.6
33.0,202.0,0.6
33.2,227.0,0.6
33.4,204.0,0.6
33.6,225.0,0.6
33.8,212.0,0.6
34.0,213.0,0.6
34.2,206.0,0.6
34.4,208.0,0.6
34.5,213.0,0.6
34.8,217.0,0.6
35.0,226.0,0.6
35.2,338.0,0.6
35.4,348.0,0.6
35.5,390.0,0.6
35.8,1096.0,0.6
36.0,952.0,0.6
36.2,721.0,0.6
36.4,290.0,0.6
36.5,264.0,0.6
36.8,252.0,0.6
37.0,232.0,0.6
37.2,234.0,0.6
37.4,242.0,0.6
37.5,246.0,0.6
37.8,221.0,0.6
38.0,227.0,0.6
38.2,215.0,0.6
38.4,217.0,0.6
38.6,207.0,0.6
38.8,208.0,0.6
39.0,229.0,0.6
39.2,244.0,0.6
39.4,247.0,0.6
39.5,306.0,0.6
39.8,896.0,0.6
40.0,948.0,0.6
40.2,2368.0,0.6
40.4,3954.0,0.6
40.5,3492.0,0.6
40.8,1817.0,0.6
41.0,436.0,0.6
41.2,295.0,0.6
41.4,274.0,0.6
41.5,266.0,0.6
41.8,241.0,0.6
42.0,216.0,0.6
42.2,219.0,0.6
42.4,215.0,0.6
42.6,198.0,0.6
42.8,203.0,0.6
43.0,178.0,0.6
43.2,189.0,0.6
43.4,171.0,0.6
43.6,179.0,0.6
43.8,192.0,0.6
44.0,192.0,0.6
44.2,183.0,0.6
44.4,188.0,0.6
44.5,181.0,0.6
44.8,190.0,0.6
45.0,179.0,0.6
45.2,176.0,0.6
45.4,175.0,0.6
45.5,157.0,0.6
45.8,170.0,0.6
46.0,185.0,0.6
46.2,162.0,0.6
46.4,154.0,0.6
46.5,174.0,0.6
46.8,170.0,0.6
47.0,166.0,0.6
47.2,166.0,0.6
47.4,169.0,0.6
47.6,155.0,0.6
47.8,155.0,0.6
48.0,159.0,0.6
32.0,234.0,0.7
32.2,240.0,0.7
32.4,237.0,0.7
32.5,228.0,0.7
32.8,239.0,0.7
33.0,257.0,0.7
33.2,218.0,0.7
33.4,241.0,0.7
33.6,257.0,0.7
33.8,238.0,0.7
34.0,230.0,0.7
34.2,249.0,0.7
34.4,247.0,0.7
34.5,240.0,0.7
34.8,241.0,0.7
35.0,269.0,0.7
35.2,378.0,0.7
35.4,398.0,0.7
35.5,461.0,0.7
35.8,1332.0,0.7
36.0,1059.0,0.7
36.2,823.0,0.7
36.4,334.0,0.7
36.5,291.0,0.7
36.8,304.0,0.7
37.0,298.0,0.7
37.2,282.0,0.7
37.4,295.0,0.7
37.5,279.0,0.7
37.8,271.0,0.7
38.0,253.0,0.7
38.2,265.0,0.7
38.4,263.0,0.7
38.6,267.0,0.7
38.8,243.0,0.7
39.0,267.0,0.7
39.2,279.0,0.7
39.4,305.0,0.7
39.5,345.0,0.7
39.8,1013.0,0.7
40.0,1097.0,0.7
40.2,2597.0,0.7
40.4,4722.0,0.7
40.5,4063.0,0.7
40.8,2098.0,0.7
41.0,517.0,0.7
41.2,352.0,0.7
41.4,317.0,0.7
41.5,288.0,0.7
41.8,259.0,0.7
42.0,246.0,0.7
42.2,248.0,0.7
42.4,262.0,0.7
42.6,248.0,0.7
42.8,206.0,0.7
43.0,214.0,0.7
43.2,218.0,0.7
43.4,225.0,0.7
43.6,199.0,0.7
43.8,211.0,0.7
44.0,210.0,0.7
44.2,222.0,0.7
44.4,203.0,0.7
44.5,198.0,0.7
44.8,192.0,0.7
45.0,186.0,0.7
45.2,209.0,0.7
45.4,202.0,0.7
45.5,187.0,0.7
45.8,191.0,0.7
46.0,224.0,0.7
46.2,204.0,0.7
46.4,190.0,0.7
46.5,181.0,0.7
46.8,200.0,0.7
47.0,201.0,0.7
47.2,181.0,0.7
47.4,180.0,0.7
47.6,194.0,0.7
47.8,179.0,0.7
48.0,202.0,0.7
32.0,274.0,0.8
32.2,253.0,0.8
32.4,265.0,0.8
32.5,276.0,0.8
32.8,272.0,0.8
33.0,279.0,0.8
33.2,283.0,0.8
33.4,280.0,0.8
33.6,277.0,0.8
33.8,280.0,0.8
34.0,278.0,0.8
34.2,274.0,0.8
34.4,276.0,0.8
34.5,284.0,0.8
34.8,287.0,0.8
35.0,278.0,0.8
35.2,443.0,0.8
35.4,466.0,0.8
35.5,519.0,0.8
35.8,1417.0,0.8
36.0,1215.0,0.8
36.2,938.0,0.8
36.4,400.0,0.8
36.5,358.0,0.8
36.8,358.0,0.8
37.0,344.0,0.8
37.2,327.0,0.8
37.4,311.0,0.8
37.5,311.0,0.8
37.8,301.0,0.8
38.0,328.0,0.8
38.2,303.0,0.8
38.4,298.0,0.8
38.6,283.0,0.8
38.8,283.0,0.8
39.0,270.0,0.8
39.2,313.0,0.8
39.4,335.0,0.8
39.5,398.0,0.8
39.8,1180.0,0.8
40.0,1208.0,0.8
40.2,2851.0,0.8
40.4,5247.0,0.8
40.5,4479.0,0.8
40.8,2419.0,0.8
41.0,623.0,0.8
41.2,409.0,0.8
41.4,373.0,0.8
41.5,362.0,0.8
41.8,314.0,0.8
42.0,298.0,0.8
42.2,273.0,0.8
42.4,271.0,0.8
42.6,264.0,0.8
42.8,288.0,0.8
43.0,272.0,0.8
43.2,236.0,0.8
43.4,229.0,0.8
43.6,256.0,0.8
43.8,258.0,0.8
44.0,264.0,0.8
44.2,246.0,0.8
44.4,243.0,0.8
44.5,235.0,0.8
44.8,233.0,0.8
45.0,229.0,0.8
45.2,242.0,0.8
45.4,238.0,0.8
45.5,236.0,0.8
45.8,239.0,0.8
46.0,217.0,0.8
46.2,204.0,0.8
46.4,225.0,0.8
46.5,219.0,0.8
46.8,206.0,0.8
47.0,202.0,0.8
47.2,211.0,0.8
47.4,224.0,0.8
47.6,213.0,0.8
47.8,207.0,0.8
48.0,222.0,0.8
32.0,289.0,0.9
32.2,294.0,0.9
32.4,308.0,0.9
32.5,278.0,0.9
32.8,310.0,0.9
33.0,317.0,0.9
33.2,293.0,0.9
33.4,299.0,0.9
33.6,323.0,0.9
33.8,327.0,0.9
34.0,302.0,0.9
34.2,313.0,0.9
34.4,314.0,0.9
34.5,308.0,0.9
34.8,317.0,0.9
35.0,334.0,0.9
35.2,503.0,0.9
35.4,515.0,0.9
35.5,574.0,0.9
35.8,1584.0,0.9
36.0,1375.0,0.9
36.2,1038.0,0.9
36.4,470.0,0.9
36.5,384.0,0.9
36.8,375.0,0.9
37.0,363.0,0.9
37.2,335.0,0.9
37.4,323.0,0.9
37.5,363.0,0.9
37.8,366.0,0.9
38.0,312.0,0.9
38.2,345.0,0.9
38.4,343.0,0.9
38.6,350.0,0.9
38.8,327.0,0.9
39.0,337.0,0.9
39.2,357.0,0.9
39.4,386.0,0.9
39.5,469.0,0.9
39.8,1290.0,0.9
40.0,1340.0,0.9
40.2,3123.0,0.9
40.4,6226.0,0.9
40.5,5003.0,0.9
40.8,2669.0,0.9
41.0,688.0,0.9
41.2,446.0,0.9
41.4,414.0,0.9
41.5,370.0,0.9
41.8,322.0,0.9
42.0,317.0,0.9
42.2,301.0,0.9
42.4,319.0,0.9
42.6,294.0,0.9
42.8,289.0,0.9
43.0,296.0,0.9
43.2,284.0,0.9
43.4,270.0,0.9
43.6,271.0,0.9
43.8,262.0,0.9
44.0,280.0,0.9
44.2,280.0,0.9
44.4,266.0,0.9
44.5,261.0,0.9
44.8,265.0,0.9
45.0,257.0,0.9
45.2,263.0,0.9
45.4,257.0,0.9
45.5,243.0,0.9
45.8,239.0,0.9
46.0,246.0,0.9
46.2,234.0,0.9
46.4,229.0,0.9
46.5,245.0,0.9
46.8,256.0,0.9
47.0,244.0,0.9
47.2,241.0,0.9
47.4,244.0,0.9
47.6,237.0,0.9
47.8,216.0,0.9
48.0,234.0,0.9
32.0,354.0,1.0
32.2,327.0,1.0
32.4,331.0,1.0
32.5,322.0,1.0
32.8,355.0,1.0
33.0,349.0,1.0
33.2,356.0,1.0
33.4,370.0,1.0
33.6,345.0,1.0
33.8,362.0,1.0
34.0,345.0,1.0
34.2,359.0,1.0
34.4,327.0,1.0
34.5,336.0,1.0
34.8,360.0,1.0
35.0,375.0,1.0
35.2,524.0,1.0
35.4,556.0,1.0
35.5,598.0,1.0
35.8,1730.0,1.0
36.0,1535.0,1.0
36.2,1159.0,1.0
36.4,504.0,1.0
36.5,435.0,1.0
36.8,379.0,1.0
37.0,395.0,1.0
37.2,395.0,1.0
37.4,388.0,1.0
37.5,415.0,1.0
37.8,377.0,1.0
38.0,401.0,1.0
38.2,366.0,1.0
38.4,360.0,1.0
38.6,362.0,1.0
38.8,349.0,1.0
39.0,351.0,1.0
39.2,371.0,1.0
39.4,419.0,1.0
39.5,503.0,1.0
39.8,1423.0,1.0
40.0,1481.0,1.0
40.2,3291.0,1.0
40.4,6745.0,1.0
40.5,5645.0,1.0
40.8,2943.0,1.0
41.0,774.0,1.0
41.2,503.0,1.0
41.4,421.0,1.0
41.5,462.0,1.0
41.8,387.0,1.0
42.0,364.0,1.0
42.2,335.0,1.0
42.4,353.0,1.0
42.6,339.0,1.0
42.8,321.0,1.0
43.0,315.0,1.0
43.2,328.0,1.0
43.4,321.0,1.0
43.6,320.0,1.0
43.8,289.0,1.0
44.0,297.0,1.0
44.2,299.0,1.0
44.4,294.0,1.0
44.5,297.0,1.0
44.8,302.0,1.0
45.0,299.0,1.0
45.2,273.0,1.0
45.4,263.0,1.0
45.5,288.0,1.0
45.8,298.0,1.0
46.0,263.0,1.0
46.2,266.0,1.0
46.4,241.0,1.0
46.5,264.0,1.0
46.8,261.0,1.0
47.0,289.0,1.0
47.2,260.0,1.0
47.4,269.0,1.0
47.6,258.0,1.0
47.8,280.0,1.0
48.0,248.0,1.0
